int 10 763 360 910 165 53 278 44 299 745 479
int 10 255 509 637 790 964 63 638 953 273 690
int 11 168 79 949 301 782 819 39 610 739 260 879
int 13 63 427 556 853 675 270 862 306 510 805 706 756 517
int 14 813 473 400 14 205 759 875 850 814 498 655 636 164 869
int 15 37 178 669 431 789 223 927 777 150 271 54 116 517 578 297
int 15 314 571 548 512 976 683 801 876 356 236 780 15 737 908 996
int 16 564 712 195 420 344 575 809 33 244 77 69 856 799 405 40 660
int 16 380 9 608 290 777 567 296 662 109 485 408 962 92 804 508 316
int 18 173 714 748 511 899 27 6 476 808 2 850 915 575 453 922 929 303 409
int 19 394 881 953 853 402 407 328 680 733 880 623 745 537 239 831 297 413 919 107
int 21 73 696 252 807 981 395 1 485 245 327 348 340 841 552 33 376 271 397 454 382 337
int 22 401 697 972 798 378 580 711 398 756 133 808 209 780 403 871 891 512 696 741 929 561 732
int 23 599 180 332 539 705 25 718 300 238 905 322 451 50 987 424 9 241 348 861 69 562 896 52
int 24 540 892 867 484 673 204 219 257 592 496 82 755 88 242 2 295 31 303 470 374 471 297 969 334
int 24 67 181 823 259 475 670 922 210 227 436 482 175 222 930 951 337 599 417 220 396 705 913 379 608
int 25 136 291 719 468 531 734 205 344 320 740 467 884 847 897 91 218 783 908 337 342 36 922 947 665 714
int 29 333 98 644 220 324 322 458 446 733 610 135 8 473 459 371 511 381 136 187 143 393 992 532 807 412 906 950 587 531
int 30 968 539 646 597 932 436 686 433 866 83 749 428 4 212 627 531 871 350 207 684 373 837 186 346 902 177 841 526 102 149
int 30 895 137 142 139 240 754 552 253 402 752 611 621 928 881 664 671 272 379 406 518 550 852 91 151 499 968 339 625 665 798
int 30 51 472 939 178 944 190 671 991 588 227 158 711 791 842 819 701 32 237 690 486 529 126 694 970 962 863 133 323 816 63
int 34 658 280 247 499 519 377 211 734 542 731 523 521 720 698 358 390 847 930 472 938 319 572 273 577 951 346 702 167 839 285 568 145 527 231
int 34 831 332 154 716 860 815 787 516 901 807 476 984 981 274 766 804 512 298 404 450 718 445 685 86 861 584 350 458 898 430 780 925 802 566
int 35 590 665 620 643 263 206 249 853 340 201 799 259 137 842 965 789 124 229 515 841 293 970 566 893 328 628 70 849 246 652 889 251 469 212 484
int 35 707 850 792 341 883 571 739 997 545 112 536 50 488 4 90 298 905 240 65 609 443 179 783 21 797 573 796 247 27 276 867 907 748 319 612
int 37 83 882 502 205 649 397 955 341 521 450 281 810 294 431 62 598 613 593 399 827 942 759 723 439 665 308 770 202 895 787 946 602 749 187 824 583 588
int 38 127 12 341 733 431 580 848 501 574 895 978 226 590 524 313 787 425 758 59 28 473 598 967 819 246 495 630 208 790 365 514 116 364 219 782 921 348 754
int 39 829 98 766 859 719 460 828 15 67 843 6 678 687 472 334 660 104 322 862 245 888 368 287 504 628 610 536 48 568 353 449 627 100 280 282 767 584 789 119
int 40 296 404 530 424 416 709 390 964 562 314 742 629 121 101 450 978 879 889 402 816 784 190 583 521 4 279 575 285 841 734 640 338 422 651 990 601 425 952 258 877
double 40 3.46 1.09 5.58 6.52 2.16 7.93 2.15 3.31 7.25 1.77 9.46 6.32 2.36 7.6 3.48 3.91 7.49 6.56 5.66 6.1 8.07 0.82 3.16 2.19 1.65 7.66 9.39 8.97 0.48 6.46 3.58 2.9 3.22 6.67 6.36 9.52 9.55 0.77 7.88 4
int 43 205 491 415 9 446 323 99 463 404 332 435 878 806 619 819 984 849 813 316 971 337 866 985 472 3 516 955 6 183 907 128 186 809 284 148 687 660 17 302 18 976 952 86
double 44 9.79 7.35 1.34 7.23 8.19 4.86 5.3 2.62 6.19 8.29 1.52 1.2 4.51 0.36 4.29 2.26 1.04 0.66 6.07 0.08 7.67 1.99 9.02 8.78 0.47 2.54 5.62 8.28 6.05 2.58 6.49 6.24 6.92 8.95 3.9 1.29 5.97 7.28 5.45 8.01 6.33 6.46 9.84 9.8
int 45 777 264 297 430 327 247 880 797 296 863 514 131 491 218 534 918 571 395 234 91 133 454 336 520 822 178 588 728 871 480 841 821 881 385 142 147 187 628 188 538 662 600 839 894 34
int 45 346 233 540 211 305 111 635 30 837 934 891 306 11 820 112 460 200 929 469 710 539 588 78 600 670 507 586 831 996 279 226 657 788 921 473 738 968 556 581 680 832 9 964 451 745
int 46 390 519 664 571 389 488 46 961 962 177 891 451 168 209 274 200 798 608 705 221 593 839 573 18 585 247 220 250 714 595 154 487 730 269 286 414 289 535 544 717 192 72 409 682 510 562
double 46 9.75 8.97 4.02 7.77 4.98 3.36 1.57 2.61 4.06 2.41 2.39 1.08 9.68 4.46 6.26 0.39 9.57 1.31 4.53 4.2 1.25 2.5 6.04 0.89 6.06 4.13 7.67 6.95 6 7.58 0.52 8.95 7.16 4.7 5.46 3.62 3.01 5.18 2.36 4.33 3.7 8.07 8.51 5.06 7.8 0.32
double 48 5.92 6.14 1.21 8.7 3.05 6.69 3.86 0.1 4.83 0.24 3.66 7.06 1.76 6.52 9.31 0.28 3.88 7.59 1.37 7.73 8.6 8.96 7.83 5.83 8.38 2.23 1.1 7.76 4.78 2.63 4.57 3.8 6.49 1.97 6.62 6.27 4.93 5.2 3.61 0.08 0.35 5.81 0.82 7.35 0.53 8.63 9.88 8.49
int 49 843 55 971 919 496 200 299 336 444 291 34 4 522 869 300 525 471 978 161 464 350 394 890 378 802 168 854 269 115 542 709 909 320 863 82 380 792 958 925 260 202 632 579 50 736 910 40 823 472
int 49 822 705 671 674 320 419 464 839 886 178 648 541 596 255 688 881 3 332 993 635 240 93 904 119 582 763 929 121 701 768 350 273 47 249 57 616 31 506 182 974 660 861 203 471 478 669 269 809 305
int 50 772 927 964 988 896 970 519 206 359 955 2 757 665 693 444 107 311 417 375 678 801 800 464 309 489 667 767 59 302 427 843 685 777 650 26 88 976 541 45 542 743 877 71 702 571 511 428 347 115 431
double 52 7.27 3.83 2.53 8.32 7.06 0.1 8.48 1.49 4.73 2.02 9.68 9.63 2.37 1.41 6.07 1.17 3.39 8.7 1.42 2.84 9.93 9.56 9.21 7.62 1.28 8.79 3.29 0.63 6.22 6.63 7.63 2.28 7.6 9.52 7.12 5.81 9.01 7.9 1.98 6.35 5.17 8.14 0.92 5 5.35 1.38 8.34 6.31 1.55 0.95 3.28 5.11
int 53 605 285 560 720 529 365 142 476 869 656 5 926 723 12 786 440 154 824 798 594 523 110 533 47 281 795 896 268 238 290 864 379 752 843 475 155 452 820 791 362 130 729 886 852 192 425 903 814 604 320 590 806 21
int 53 757 818 251 880 47 249 105 601 220 169 364 948 550 349 996 348 210 332 191 704 711 944 165 998 607 134 234 24 772 698 872 62 389 972 898 623 64 800 478 924 543 464 59 833 870 176 635 201 764 725 371 859 812
int 54 37 417 557 135 40 955 701 409 100 689 415 299 746 441 685 161 576 61 310 607 643 244 389 312 405 789 616 385 250 332 72 954 297 992 638 180 826 725 513 583 266 148 562 800 571 426 296 14 745 727 464 515 168 216
double 54 3.98 2.57 4.36 9.15 4.94 0.32 2.91 1.22 4.52 0.39 6.12 0.86 3.04 2.28 7.67 3.08 5.65 7.18 7.17 1.4 7.06 8.88 5.48 9.13 3.71 9.63 8.25 8.84 4.09 6.03 4.19 5.24 9.49 2.33 5.85 5.82 2.05 7.05 2.47 1.32 6.88 8.75 6.52 9.19 2.98 0.69 9.08 6.29 3.54 6.05 5.55 1.69 0.08 4.54
double 56 3.7 1.38 7.23 6.7 4.75 8.02 0.14 7.99 0.89 4.2 2.75 9.44 3.99 3.49 4.18 7.35 7.75 9.48 4.12 9.37 2.07 9.05 1.7 8.36 2.81 9.31 7.16 0.23 9.51 8.76 6.1 4.27 9.28 0.8 7.04 7.45 1.82 3.53 2.95 3.11 8.18 3.45 8.26 5.07 2.45 5.02 3.85 5.96 3.96 9.68 5.05 8.37 1.12 6.31 9.2 0.05
double 56 1.97 4.6 4.11 0.21 5 8.69 3.83 4.45 2.89 7 3.98 1.48 3.84 7.79 5.71 6.71 5.26 3.32 4.81 0.49 5.37 2.69 9.8 5.57 6.66 4.62 0.07 1.95 6.45 6.76 7.49 7.86 7.61 8.95 6.81 6.87 8.81 3.85 0.68 8.9 9.55 1.31 6.65 7.3 2.38 3.16 4.48 7.6 9.66 0.44 5.64 2.87 1.81 6.26 9.9 8.37
double 56 1.37 6.35 4.99 8.7 5.82 8.31 9.36 1.58 5.53 5.12 9.23 3.79 1.09 5 7.06 4 0.54 3.29 2.47 6.64 4.29 6.87 5.26 4.2 3.24 3.47 9.55 3.65 9.62 6.09 7.8 8.41 8.33 6.11 7.04 9.92 9.34 6.06 8.83 8.09 1.53 2.38 9.84 0.9 0.12 5.5 6.29 9.95 7.69 6 8.23 1.85 9.42 1 5.69 1.19
int 57 577 607 841 84 336 676 47 408 731 840 765 213 500 170 593 143 190 223 144 427 514 508 419 60 600 357 46 436 237 839 161 290 812 88 530 309 133 454 111 114 538 307 998 904 66 576 404 698 163 234 138 983 891 312 125 366 123
int 57 537 335 249 961 906 766 640 148 744 242 188 503 22 81 341 973 367 14 708 424 57 560 370 243 846 612 975 723 746 830 604 437 875 170 939 704 128 547 998 740 895 345 858 644 972 436 192 913 583 216 956 672 381 653 290 633 440
double 58 6.83 3.42 6.4 9.48 3.52 2.69 1.14 9.15 7.92 7.72 1.39 2.76 1.77 5.25 4.86 6.73 6.8 5.12 9.28 0.94 4.53 1.47 6.74 2.48 2.6 5.24 7.53 3.93 1.03 6.06 8.87 4.57 7.48 2.75 5.62 0.35 8.72 5.83 5.6 1.02 0.45 4.66 4.27 8.78 9.54 8.34 2.95 5.43 5.45 8.4 9.24 2.3 6.62 3.96 3.9 9.79 8.25 2.12
int 59 652 1 662 710 601 41 338 958 685 367 246 926 990 856 158 649 439 817 508 172 126 411 937 20 476 484 36 24 632 792 819 751 245 181 643 267 585 606 816 694 93 722 44 438 26 784 577 627 566 912 376 927 572 400 970 171 3 743 810
int 60 732 223 547 515 132 460 948 529 620 85 463 309 324 129 876 914 757 838 782 412 290 68 383 112 323 254 378 729 989 431 553 649 142 89 389 294 150 415 746 448 783 354 151 933 932 764 791 187 995 658 38 767 648 201 802 721 348 120 587 716
int 60 498 826 621 83 34 910 807 955 587 581 822 84 819 408 113 133 63 883 62 503 981 155 775 412 614 605 585 306 405 728 520 463 550 425 486 624 291 664 347 547 946 526 491 493 592 700 140 918 218 969 368 713 980 583 795 215 758 278 880 932
int 61 889 32 815 508 995 604 372 171 533 876 800 418 767 364 110 250 242 413 324 409 635 911 940 453 12 572 252 202 481 278 627 563 844 42 621 853 520 830 614 186 631 499 15 617 747 987 810 76 407 469 837 902 978 521 262 178 80 715 276 561 48
double 61 4.04 2.54 3.89 2.13 1.71 8.94 2.06 3.31 9.88 8.22 4.9 8.14 2.3 2.12 0.19 8.23 9.55 2.95 7.82 0.3 7.24 3.54 8.18 7.69 6.91 7.28 3.99 9.21 1.88 8.4 5.86 3.82 7.1 4.54 3.35 8.2 9.95 5.18 4.18 9.57 0.21 1.09 3.06 6.86 4.97 5.74 3.63 4.51 4.81 7.63 9.62 9.67 3.96 5.26 7.46 0.92 1.04 9.59 5.66 1.44 3.78
int 62 685 708 891 284 6 45 275 593 390 798 53 526 557 676 563 739 241 693 571 184 998 74 992 403 748 302 119 392 350 187 511 11 24 953 107 84 549 179 447 741 85 730 623 906 341 506 371 913 909 470 794 583 285 849 544 436 920 491 376 958 976 173
int 63 68 264 881 310 955 173 125 436 171 188 560 496 41 368 341 966 855 885 274 231 254 342 377 44 236 880 663 352 579 453 45 590 285 594 949 235 826 463 33 167 288 282 289 915 793 892 186 815 978 642 149 472 827 813 81 373 35 913 464 114 344 990 176
double 63 9.03 9.12 3.83 5.16 8.47 5.54 5.58 2.08 2.26 4.14 9.73 9.37 8.53 1.94 1.73 6.09 0.89 2.14 4.65 6.38 3.05 2 9.43 4.25 9.65 7.04 1.01 6.69 4.01 1 2.38 1.96 9.06 2.02 8.34 0.55 5.52 3.41 1.67 2.84 8.29 6.67 5.14 4.82 8.23 3.5 7.42 3.42 1.81 9.89 8.19 6.95 1.74 1.99 6.89 5.67 5.62 0.61 8 8.18 5.82 0.18 3.22
double 64 4.75 0.75 3.93 9.08 2.04 6.06 6.53 1.57 0.24 2.83 3.46 6.71 0.09 0.93 7.69 3.75 6.51 1.66 8.73 0.86 8.1 3.11 8.78 8.94 9.8 0.74 2.84 8.82 5.05 4.26 5.03 9.41 4.54 0.43 7.52 3.69 1.37 7.33 8.52 1.8 6 1.07 1.75 0.55 4.52 6.21 8.61 8.31 6.35 2.79 8.99 2.52 7.12 3.84 9.46 9.87 2.55 8.21 1.28 4.58 4.61 4.55 1.42 3.23
double 66 0.23 3.75 8.54 9.82 8.14 1.74 9.74 6.31 5.82 2.45 3.08 8.77 7.21 2.38 0.48 5.35 8.91 0.19 0.33 6.62 8.81 3.46 9.22 6.03 3.98 9.54 3.03 6.05 6.58 3.04 4.71 9.42 4.28 3.01 3.93 0.46 2.84 4.66 8.4 7.89 5.1 8.7 6.59 9.93 9.64 0.6 0.07 3.1 3.05 3.42 0.29 0.92 5.75 4.73 2.02 8.79 0.25 1.57 7.07 2.49 8.57 5.81 7.34 4.41 4.38 1.47
double 68 9.67 6.65 1.64 1.25 5.81 3.1 1.41 9.95 5.28 9.47 4.57 5.89 9.32 7.78 8.69 3.29 4.56 0.69 0.94 3.83 7.86 1.08 1.58 2.8 2.12 8.73 5.78 3.58 5.57 9.59 3.62 2.71 4.89 0.11 8.04 3.06 2.53 2.24 8.64 6.13 0.48 7.24 2.9 8.35 0.39 1.01 2.66 7.38 7.01 8.3 6.68 2.09 1.28 1.7 0.43 1.6 6.38 9.09 8.6 4.71 3.57 8.66 6.36 4.63 8.71 2.77 4.85 2.21
double 68 7.02 2.44 6.79 4.62 0.86 5.95 8.12 4.26 8.37 5.78 9.64 2.18 4.7 7.37 8.44 4.08 9.05 0.91 8.62 7.57 9.15 6.66 7.78 1.94 1.13 0.23 5.68 7.28 4.07 7.43 5.23 2.47 2 0.17 8.7 4.13 7 1.73 6.91 3.79 1.03 1.99 5.51 1.97 1.66 2.01 7.25 5.45 4.84 0.41 7.1 2.5 6.42 7.83 4.96 0.93 7.61 6.18 6.7 3.18 8.27 9.2 2.43 4.67 2.77 6.08 7.54 1.47
double 69 5.29 3.92 4.19 3.26 3.93 1.75 1.06 9.25 0.1 6.12 9.32 2.59 9.66 6.07 5.63 3.3 1.45 4.97 2.16 5.42 6.58 0.02 0.39 5.12 9.78 6.16 2.34 8 0.14 8.14 7.62 4.81 7.68 7.47 3.34 4.67 1.97 2.23 2.71 7.56 6.34 3.41 8.95 3.82 2.18 5.18 2.36 5.66 5.41 1.92 3.35 7.98 3.81 8.24 5.65 1.67 5.49 3.33 9.12 7.48 0.08 4.27 6.69 9.31 3.53 3.58 5.2 5.39 7.34
double 70 6.12 5.02 7.44 9.5 5.22 1.43 2.01 0.34 0.07 5.97 5.32 5.45 5.9 0.76 9.57 1.36 8.56 8.68 0.9 9.48 9.25 9.14 0.46 7.45 0.12 2.68 9.75 4.36 6.03 2.9 6.4 8.04 1.37 3.66 0.29 7.7 9.72 1.2 9.65 3.82 3.91 9.77 8.2 7.08 1.47 7.49 6.36 4.32 3.01 5.28 1.96 9.53 7.43 7.89 2.46 0.56 8.28 8.37 6.23 6.37 5.58 7.74 1.19 4.65 8.58 8.14 2.28 0.96 0.48 8.38
int 71 361 543 184 679 122 869 739 176 203 234 134 529 814 85 888 139 250 331 876 73 916 61 644 706 23 56 600 486 635 305 177 357 871 802 35 435 273 359 873 505 867 856 5 604 74 968 883 554 316 584 743 311 929 172 768 480 121 550 684 792 562 894 547 479 980 561 670 830 354 289 76
double 71 1.44 6.1 5.49 4.84 5.75 6.53 0.06 9.01 2.8 2.05 1.14 3.93 3.91 1.31 5.9 6.23 7.5 2.15 3.51 5.73 1.06 8.07 5.11 5.03 2.61 6.28 5.2 4.2 1.35 7.98 9.56 3.57 1.82 0.87 7.75 5.61 5.87 6.39 9.23 2.84 4.19 4.62 8.77 0.45 8.78 0.32 2.58 9.55 4.8 1.27 5.12 7.33 0.42 9 0.66 8.69 1.76 4.9 9.79 7.63 2.9 7.46 0.65 6.44 4.79 7.57 0.95 3.62 2.31 6.9 7.79
double 75 6.47 4.82 0.41 4.72 2.91 1.56 7.76 6.91 7.6 1.91 3.54 6.16 2.57 5.3 8.81 0.67 1.54 6.8 7.07 5.78 2.88 9.98 4.9 3.53 7.84 3.43 0.76 7.06 5.67 0.61 5.66 7.64 9.71 1.04 8 6.54 5.6 4.02 8.6 1.73 7.7 1.98 9.61 0.75 1.53 4.8 0.73 8.96 5.77 7.32 6.39 0.8 3.7 8.84 2.71 1.09 9.41 9.38 7.14 7.58 2.33 6.94 9.18 3.13 8.31 3.37 0.79 5.22 2.78 6.37 6.14 2.1 8.57 0.69 3.91
double 75 7.23 6.7 3.74 2.08 0.63 3.33 5.11 1.08 2.17 7.6 1.92 9.78 9.31 2.31 4.3 9.6 1.72 4.52 4.2 2.57 8 7.31 0.94 6.73 2.11 5.26 9.36 7.63 5 2.55 9.59 5.29 5.38 5.25 2.63 3.91 0.26 7.11 5.82 1.69 1.7 9.82 4.09 8.32 9.5 2.91 4.17 8.99 6.15 4.65 8.83 4.48 9.55 5.8 1.89 2.38 2.95 2.19 4.1 1.85 5.32 2.83 6.19 5.63 5.6 2.84 4.26 1.76 8.38 0.78 9.06 1.82 0.37 5.35 7.36
double 75 5.36 2.92 9.54 1.77 7.34 3.87 9.04 2.29 9.3 0.81 6.94 2.2 8.87 5.55 0.9 3.67 4.05 4.78 1.59 4.76 7.52 8.64 2.71 8.76 4.41 9.33 4.27 3.34 1.19 0.15 0.77 2.88 5.05 5.42 7.16 7.74 1.08 7.94 2.58 1.73 7.72 1.82 5.17 3.83 2.62 1.83 5.76 9.22 6.67 9.73 8.82 3.77 3.44 7.83 3.63 3.55 4.23 7.73 0.08 9.72 2.27 7.18 2.03 7.04 5.32 7.84 0.73 3.27 4.63 4.91 5.78 2.53 6.46 5.68 4.67
double 76 0.78 2.35 5.18 1.79 9.75 1.76 6.43 1.28 9.4 2.84 2.39 3.86 4.54 3.82 6.73 3.89 5.73 5.31 9.24 8.54 1 7.35 3.44 0.69 5.08 5.34 1.75 7.19 4.18 7.92 5.95 2.77 4.2 5.67 5.16 1.53 7.8 4.99 3.5 1.04 8.02 3.23 4.3 6.05 4.5 9.51 7.39 9.02 1.68 4.45 0.97 0.61 5.69 5.38 2.36 8.6 4.48 1.64 9.1 6.64 6.47 3.65 1.09 6.95 4.59 9.36 7.7 4.96 3.62 6.04 6.14 7.53 1.23 9.3 2.54 7.66
double 77 1.82 7.78 8.17 0.34 0.31 4.88 4.69 6.65 3.17 5.91 5.69 0.99 3.01 7.76 7.14 8.21 6.09 3.16 6.25 4.4 2.17 2.74 1.94 9.36 4.7 5.6 8.7 3.82 7.72 8.53 7.35 7.41 2.03 6.79 7.51 9.77 4.65 5.31 0.04 0.26 9.79 8.03 7.55 2.22 6.9 0.54 5.37 7.16 2.93 9.69 9.53 7.08 6.18 2.18 3.52 0.87 0.5 2.02 4.81 2.48 8.81 3.36 1.39 5.29 5.94 7.02 9.31 9.52 1.04 2.16 7.46 3.38 7.99 8.76 3.62 9.65 5.2
int 78 710 998 391 556 170 658 885 594 645 210 19 121 275 434 394 948 44 429 135 598 425 248 995 568 898 550 808 940 39 452 386 70 597 969 384 417 279 18 209 437 323 587 826 273 617 895 141 160 947 95 335 980 558 378 668 572 226 873 97 786 732 374 551 377 486 533 148 938 365 815 296 891 412 104 878 69 399 721
int 79 478 84 682 482 539 296 756 91 435 316 960 943 142 441 337 882 814 34 959 254 793 284 607 13 532 307 790 135 488 305 534 346 451 872 221 928 393 116 808 380 716 242 361 12 437 658 988 664 723 659 394 802 268 20 573 652 986 767 971 752 36 189 985 501 651 980 893 620 315 559 383 867 229 500 863 416 52 329 452
int 80 601 612 885 32 618 378 976 675 332 136 804 76 945 962 743 251 119 974 783 516 787 938 263 894 290 388 195 436 301 567 595 130 370 218 254 998 736 524 175 521 509 919 684 917 395 593 744 765 531 475 797 892 207 555 174 829 886 19 478 773 771 440 626 753 586 126 299 706 179 655 821 968 333 321 739 102 476 841 417 44
double 81 8.67 9.88 5.61 5.25 4 0.75 8.35 4.21 6.16 0.7 7.24 1.19 5.18 2.83 0.12 2.03 9.87 7.76 9.92 7.57 8.57 3.98 6.23 4.3 6.25 7.63 8.45 9.74 4.26 8.13 7.65 3.85 2.33 4.43 2.99 7.42 3.12 2.19 2.65 5.62 0.33 9.09 1.32 6.1 5.91 6.52 3.79 0.79 3.03 2.42 4.2 1.87 3.76 6.56 1.81 0.3 4.24 7.81 3.09 6.73 7.39 4.87 3 5.06 9.81 2.12 2.78 6.6 2.25 7.25 6.17 8.19 1.75 6.43 4.5 7.55 5.32 0.58 2.02 8.06 2.26
double 87 8.57 3.25 2.18 0.3 2.28 2.4 7.02 4.64 1.81 2.41 0.91 2.54 8.12 3.17 4.45 6.37 5.18 1.31 7.72 2.05 5.87 4.52 8.82 7.95 3.62 7.6 2.69 6.41 5.53 7.81 7.84 1.45 1.97 7.8 5.84 8.1 2.45 0.54 5.76 4.62 5.06 6.54 6.79 4.74 3.81 6.99 4.14 1.75 1.49 0.32 3.9 0.52 2.37 3.21 5.37 1.61 9.96 9.68 4.96 0.95 6.75 2.26 0.31 1.82 3.56 7.59 4.04 2.59 2.48 2.62 5.3 4.19 5.55 4.85 9.24 5.15 3.35 1.23 2.12 6.19 1.53 7.56 3.28 6.93 9.83 8.07 5.38
int 88 877 860 436 129 209 173 190 134 861 657 273 835 609 507 103 121 357 114 337 97 607 177 796 729 315 658 278 430 191 50 810 561 897 581 684 780 362 651 69 920 307 807 798 119 961 299 223 376 468 513 946 647 537 292 239 831 427 19 574 830 342 186 100 442 901 49 420 752 271 695 906 217 149 971 274 914 989 676 235 632 63 499 583 334 889 820 922 858
int 89 345 71 668 985 153 896 178 762 674 975 501 953 864 908 337 188 438 531 389 95 486 653 78 601 944 769 655 796 570 424 190 237 380 477 635 90 314 576 540 951 467 597 638 716 633 782 709 524 697 155 460 910 893 322 123 230 858 6 254 68 404 886 763 506 304 547 391 446 249 958 258 21 505 195 754 275 8 714 440 941 819 898 526 96 35 593 918 485 544
int 90 319 198 413 777 1 988 859 921 195 196 220 53 620 608 39 245 699 838 974 193 725 896 495 693 492 834 174 175 701 491 871 368 716 624 596 521 381 206 309 44 425 120 38 3 880 235 727 459 991 653 865 964 788 31 569 302 629 35 13 282 686 330 582 248 908 30 364 141 589 71 97 401 598 56 45 618 410 252 21 542 601 370 458 546 424 93 338 311 810 876
int 90 903 131 804 946 402 696 367 496 952 81 971 644 45 345 489 412 892 520 70 243 847 902 194 748 778 516 118 535 788 358 228 861 926 990 878 414 560 629 64 519 602 213 101 83 55 693 820 790 702 569 690 79 160 691 948 111 807 47 389 642 403 210 862 960 304 155 178 686 882 326 185 325 10 396 984 23 177 362 110 283 675 676 82 511 620 789 554 490 263 726
int 94 763 595 652 635 477 884 146 75 932 882 293 890 130 579 228 444 941 149 759 133 153 292 538 662 536 934 946 875 722 818 414 811 831 614 708 255 878 893 390 60 681 400 488 702 50 448 690 593 123 516 327 955 80 518 399 176 733 685 642 178 380 147 396 167 784 989 520 204 774 672 92 57 286 519 281 251 474 295 524 152 93 582 630 717 761 182 120 54 263 667 424 720 437 668
int 94 103 941 381 384 761 68 8 752 135 230 185 723 775 297 980 991 91 301 264 565 490 485 92 864 594 358 476 665 961 189 446 148 849 908 512 129 3 964 126 621 776 119 207 122 169 450 177 85 858 708 161 960 687 95 64 104 566 181 971 348 212 549 725 879 880 127 958 810 246 693 25 655 816 662 938 375 518 741 533 619 525 58 524 35 220 178 50 353 472 448 359 433 361 889
int 95 4 41 39 17 442 511 394 360 216 313 77 325 992 920 5 721 200 244 363 382 245 449 913 302 930 556 851 747 64 977 703 451 114 63 932 401 941 79 151 143 776 609 940 351 761 752 651 597 428 986 129 242 532 480 710 602 695 523 287 729 414 502 238 572 130 252 37 140 640 633 529 672 559 400 935 344 191 748 459 875 494 708 83 45 794 706 362 258 333 755 305 446 353 437 434
double 97 9.15 1.07 8.76 1.43 7.53 6.68 8.38 2.82 6.01 1.44 8.54 7.47 2.49 3.38 1.06 1.48 5.41 9.03 2.86 2.47 2.29 9.57 7.28 8.37 9.86 7.49 9.5 6.12 2.07 5.95 4.27 5.34 2.53 0.06 3.75 4.68 4.23 6.14 5.71 3.94 6.47 2.63 5.18 9.96 1.39 4.7 7.79 0.77 7.59 4.98 9.76 7.08 5.78 4.49 2.37 3.46 3.65 6.49 0.31 1.3 5.91 1.65 1.17 2.12 1.8 5.39 0.49 1.19 7.78 2.68 8.04 4.62 8.94 2.99 5.58 2.55 4.13 7.76 8.62 9.31 6.1 5.93 0.78 4.5 7.06 8.19 5.97 7.36 8.13 4.51 0.62 8.73 5.82 0.81 2.02 2.28 4.08
int 97 177 240 753 599 324 422 709 46 512 766 705 737 720 883 105 377 10 716 18 75 98 541 500 927 803 742 898 657 208 144 504 780 328 799 823 887 401 149 136 619 937 884 354 521 678 84 91 499 727 498 419 14 387 985 846 486 388 315 843 997 830 434 710 768 879 816 954 475 630 648 651 528 367 633 560 313 506 145 306 597 261 11 943 312 175 390 848 123 396 418 57 675 694 415 141 667 549
double 97 0.54 0.17 0.84 1.35 9.5 7.8 5.08 1.46 3.26 2.1 3.81 5.9 6.84 3.9 2.05 1.02 3.59 1.39 2.5 5.42 9.64 5.52 0.49 1.2 6.15 4.69 8.94 9.08 2.34 2.22 0.6 5.69 6.4 4.6 7.63 9.93 5.44 3.04 9.4 5.95 0.05 0.97 9.84 6.42 0.62 5.53 2.53 4.04 5.11 4.38 2.77 1.3 0.27 6.93 6.39 9.25 5.62 8.23 0.83 3.03 6.3 3.07 3.73 7.53 8.6 8.7 6.06 8.11 9.04 5.59 0.39 6.12 6.07 9.41 9.6 8.9 8.13 4.33 0.69 1.73 2.18 9.22 6.34 3.19 8.42 6.21 4.01 2.33 5.68 6.68 5.49 5.99 7.41 1.28 1.1 6.14 6.37
double 99 0.04 3.68 5.49 4.3 8.67 4.83 0.9 6.78 3.92 0.97 1.58 8.81 4.24 0.82 2.86 9.23 3.48 2.76 9.67 6.77 9.34 3.37 2.01 6.88 9.77 4.94 8.33 8.82 1.79 8.03 4.14 8.19 0.91 5.98 8.14 4.46 8.22 2.57 6.07 5.76 2.73 3.87 9.18 2.9 7.64 4.96 0.5 4.69 3.12 6.05 5.94 0.13 4.27 4.58 2.74 4.37 2.28 0.38 1.86 4.22 9.36 3.83 6.82 7.86 6.66 9.39 8.01 6.23 9.33 0.51 5.41 7.29 7.07 8.28 3.53 6.72 1.66 7.02 0.7 9.95 4.65 9.59 1.87 1.31 6.55 6.32 2.05 6.27 3.8 8 0.01 3.97 1.56 5.14 4.49 8.12 5.08 5.59 4.56
int 101 551 642 554 862 228 689 46 821 808 688 340 331 390 468 94 897 730 784 503 244 306 98 134 813 528 911 140 420 816 620 898 117 979 549 294 910 952 357 561 348 245 216 773 68 916 447 798 514 22 27 54 243 78 222 890 830 238 722 729 246 667 804 100 717 783 342 770 789 544 307 396 226 492 87 207 380 498 966 91 995 776 509 685 724 248 434 961 386 214 678 738 25 349 79 953 220 684 762 507 606 806
int 102 701 812 439 46 875 433 275 801 958 961 776 360 444 892 595 564 205 853 247 656 215 639 98 485 538 727 865 728 12 41 235 114 513 668 367 749 626 625 490 722 112 886 483 495 843 147 685 462 431 374 17 201 471 687 591 750 54 398 974 214 683 479 963 402 631 763 788 883 673 508 390 682 571 324 224 473 159 207 988 718 369 966 565 480 358 927 807 855 488 301 707 710 888 24 119 72 106 779 674 78 998 747
double 102 5.93 0.24 8.55 4.18 0.64 4.91 9.48 1.91 1.7 6.47 1.6 7.4 7.81 6.68 9.08 1.9 8.99 8.39 1.68 0.03 4.44 4.7 8.17 7.29 3.89 6.82 8.04 9.68 5.26 6.05 7.83 3.88 5.24 2.4 0.43 7.47 1.96 7.61 1.32 6.91 9.97 3.08 9.12 9.6 1.86 4.79 3.24 2.75 2.94 5.7 6.19 3.1 0.02 4.24 6.02 7.23 7.67 2.38 1.4 7.97 3.49 5.92 6.44 9.23 6.31 7.6 5.12 1.42 7.1 3.18 0.23 4.2 6.67 7.33 4.71 0.37 9.53 4.68 3.8 5.82 9.04 0.04 9.89 9.5 8.83 9.95 9.72 2.93 9.21 1.79 5.31 2.14 8.44 9.98 9.55 6.28 7.08 2.41 1.65 6.92 4.72 4.1
double 103 5.54 5.18 2.08 5.5 2.39 0.8 0.77 8.09 7.9 8.28 6.3 1.65 0.66 1.22 9.27 4.09 6.52 8.06 5.51 1.82 8.72 3.88 4.74 9.3 3.27 7.51 8.21 1.97 1.54 1.23 7.95 4.19 4.6 6.43 3.9 9.24 3.28 0.81 0.91 1.67 0.55 2.85 3.69 9.9 6.86 6.53 2.37 3.66 4.49 9.02 6.74 4.54 6.59 7.41 7.17 9.81 9.62 5.56 8.38 2.1 1.72 1.59 4.87 0.99 0.97 6.01 7.88 8.53 5.24 8.18 3.17 4 4.51 1.13 3.96 4.57 2.49 4.55 1.73 6.54 4.85 3.82 5.15 2.06 8.89 7.2 0.7 5.75 7.47 7.57 8.2 1.93 4.22 7.94 8.47 6.11 1.61 3.06 9.67 1.48 5.88 0.74 4.75
double 104 1.31 5.22 3.16 9.02 2.48 3.94 5.86 9.4 1.7 1.5 8.91 0.44 1.04 5.84 0.38 1.76 0.74 2.3 3.81 9.32 9.41 1.46 9 3.71 8.03 9.42 6.12 5.31 6.22 5.56 0.85 5.17 3.41 5.39 2.01 4.18 0.07 7.69 1.61 5.45 8.65 6.85 3.83 0.29 7.51 7.21 4.68 5.21 4.47 5.03 2.37 3.47 7.95 7.88 7.25 1.78 9.95 8.11 0.8 9.09 7.53 0.63 9.29 8.51 6.73 7.83 1.08 8.78 0.83 7.46 5.08 9.3 5.9 5.62 0.16 2.34 2.68 7.87 9.25 6.41 7.05 6.77 5.16 9.8 9.14 7.74 5.4 7.4 3.88 4.46 2.24 0.66 1.22 2.86 4.86 0.67 3.48 6.91 7.39 2.55 4.75 4.29 6.88 6.08
double 104 6.38 9.58 3.04 9.2 4.22 9.65 4.38 2.58 9.8 2.84 0.81 1.88 9.28 9.59 5.16 0.47 8.38 3.16 4.81 6.43 0.93 5.06 9.04 7.93 7.42 6.87 9.27 1.6 0.63 1.63 3.41 1.03 4.71 5.74 5.07 8.73 1.83 9.57 1.31 7.11 1.47 1.56 5.22 4.41 3.43 7.76 6.63 5.55 2.51 8.29 5.42 5.99 8.68 5.29 8.04 1.29 7.06 9.42 2.13 5.98 4.28 7.78 2.73 9.1 2.04 4.23 6.48 7.3 1.21 1.2 1.07 0.24 3.62 4.68 4.57 6.99 9.86 5.17 2.78 8.64 3.69 0.98 4.25 4.62 1.23 1.5 5.43 4.4 1.28 0.71 1.7 8.12 5.95 7.32 9.08 9.32 9.97 6.95 8.37 5.39 3.63 6.78 9.38 6.03
int 106 570 305 792 283 620 760 686 864 729 86 560 704 547 374 617 369 107 138 923 977 24 160 565 362 284 390 427 651 543 317 814 443 59 2 176 710 833 533 714 353 287 882 616 926 519 635 62 754 246 122 17 357 734 1 761 351 752 682 899 958 125 411 950 175 402 301 240 49 852 321 366 8 984 790 400 865 970 781 841 118 266 397 624 324 208 575 914 838 460 998 583 342 935 495 213 797 61 220 292 394 217 43 632 195 326 829
int 106 356 828 70 446 291 602 167 290 496 9 122 435 386 266 798 844 717 896 98 205 582 977 785 171 332 478 204 830 782 907 79 842 990 603 720 76 574 476 117 508 43 444 26 311 646 858 606 626 965 986 872 451 804 327 472 317 879 619 320 597 147 928 395 775 527 671 608 405 102 623 203 983 541 236 99 460 905 412 779 964 453 263 935 357 501 219 208 409 284 497 11 752 134 370 89 285 971 23 153 624 955 140 555 333 397 991
double 108 6.97 0.75 0.34 2.01 0.71 4.76 1.85 8.57 9.95 2.26 4.88 8.65 7.98 4.28 7.91 5.54 7.21 3.5 2.05 5.6 8.77 3.69 5.51 6.89 8.42 6.85 9.16 9.27 6.29 3.16 0.5 6.72 5.63 5.73 8.22 5.37 5.85 4.29 6.49 4.13 0.92 6.06 2.82 4.19 7.19 2.85 0.4 6.35 6.34 2.46 1.89 6.2 8.94 2.76 9.94 7.01 1.94 4.01 2.56 1.5 9.2 7.17 5.84 3.19 6.58 6.86 1.48 4.36 7.36 1.05 3.72 9.37 5.81 1.71 3.62 7.58 5.33 0.52 7.13 7.86 8.59 9.18 4.2 8.33 5.26 4.39 0.19 4.08 2.77 5.42 4.32 1.41 4.77 1.53 6.33 8.46 5.02 8.13 0.69 6.54 1.45 7.02 4.3 5.21 2 9.9 2.31 5.87
double 109 2.4 7.63 2.37 8.41 1.23 9.85 0.55 2.21 6.89 7.6 5.73 8.59 1.6 2.14 8.83 5.95 0.79 0.28 6.79 0.05 1 6.16 2.33 5.68 5.76 8.13 1.66 4.56 9.19 9.89 9.25 5.64 2.84 4.3 7.56 2.87 1.53 3.52 9.61 6.94 4.94 5.32 6.83 1.07 4.86 0.19 0.56 7.19 0.65 7.14 9.48 2.83 5.79 7.57 3.18 4.68 7.84 0.66 8.42 6.42 0.16 3.48 3.85 6.12 9.64 9.93 9.2 5 5.9 8.16 2.65 2.9 6.32 1.22 6.75 4.11 9.42 4.91 0.39 3.01 9.16 3.77 3.12 8.68 8.3 3.86 8.62 1.63 1.72 5.28 1.08 1.09 5.16 2.15 4.01 9.67 0.6 7.87 9.96 3.59 9.41 9.79 3.76 5.65 2.56 9.83 5.99 9.15 0.73
int 109 681 372 360 687 388 482 174 566 604 439 324 800 751 184 951 317 788 55 587 986 280 732 428 758 911 166 152 378 888 561 593 907 727 979 673 905 981 642 924 823 634 108 207 56 187 103 200 562 462 409 721 965 403 872 373 847 185 669 863 367 321 347 416 631 724 589 817 534 594 735 682 77 792 202 533 348 500 802 961 819 100 705 122 308 12 591 985 877 843 270 828 414 748 420 289 46 28 584 522 415 401 753 786 223 137 190 738 754 713
int 109 744 600 400 514 451 54 144 491 526 75 923 332 162 769 335 14 217 90 79 180 115 73 617 347 227 247 445 854 743 875 140 548 95 629 61 967 398 50 346 407 952 242 19 111 760 204 86 546 694 233 907 927 138 4 783 112 524 513 565 721 432 960 538 238 580 837 316 885 550 816 754 216 965 311 763 375 535 954 351 707 223 508 519 802 905 753 534 323 231 762 384 309 130 494 212 192 871 31 429 948 298 844 374 471 788 822 483 869 922